ENCUT: 408.170941977
NKPTS: 32
total_energy: -1631.8934436981328
